%YAML:1.0
---
#装甲板实际参数
big_w: 0.230            #大装甲板实际宽度
big_h: 0.057            #大装甲板实际高度
small_w: 0.135          #小装甲板实际宽度
small_h: 0.057          #小装甲板实际高度
#符叶实际参数
buff_w: 0.50
buff_h: 0.50


# F_MAT: !!opencv-matrix
#   rows: 3
#   cols: 3
#   dt: d
#   data: [ 1579.60532    , 0.000000000000, 627.56545     ,
#           0.000000000000, 1579.86788    , 508.65311     ,
#           0.000000000000, 0.000000000000, 1.000000000000 ]
# C_MAT: !!opencv-matrix
#   rows: 1
#   cols: 5
#   dt: d
#   data: [ -0.09082 , 0.22923 , -0.00020 , 0.00013 , 0.00000 ]

##相机内参矩阵CU013
# F_MAT: !!opencv-matrix
#   rows: 3
#   cols: 3
#   dt: d
#   data: [ 1313.081401514924    , 0.000000000000, 634.70189227901185     ,
#           0.000000000000, 1312.96230831583    , 505.3395706823172    ,
#           0.000000000000, 0.000000000000, 1.000000000000 ]

# #相机畸变矩阵
# C_MAT: !!opencv-matrix
#   rows: 1
#   cols: 5
#   dt: d
#   data: [ -0.08228539805450732 , 0.106753252100443 , -0.0002207465183912911, -0.0004898416628442466 , 0.04876308502 ]

##相机内参矩阵CS016
# F_MAT: !!opencv-matrix
#   rows: 3
#   cols: 3
#   dt: d
#   data: [ 2404.55024035025    , 0.000000000000,741.2746736739983     ,
#           0.000000000000, 2403.909723281978    , 549.5916614617547    ,
#           0.000000000000, 0.000000000000, 1.000000000000 ]

# #相机畸变矩阵
# C_MAT: !!opencv-matrix
#   rows: 1
#   cols: 5
#   dt: d
#   data: [ -0.01859514952299835 , 0.3885509747958853 , -0.0006131890704244383, -0.0004804354342040962, -5.2896638074212 ]

##相机内参矩阵CA016
F_MAT: !!opencv-matrix
  rows: 3
  cols: 3
  dt: d
  data: [ 1790.935842760531    , 0.000000000000,720.7715736858822     ,
          0.000000000000, 1790.545700924272    , 586.1939171941938    ,
          0.000000000000, 0.000000000000, 1.000000000000 ]

#相机畸变矩阵
C_MAT: !!opencv-matrix
  rows: 1
  cols: 5
  dt: d
  data: [ -0.1022077326628412 , 0.954714497470146 , 0.001868825357573791, 0.0003322590501636716, -5.726431133863222 ]

#世界坐标系和相机坐标系的原点偏移
center_offset_position: !!opencv-matrix
  rows: 3
  cols: 1
  dt: d
  data: [ 0 , 0 ,0 ]

#抬升枪管的角度补偿
Barrel_offset_angle: !!opencv-matrix
  rows: 3
  cols: 1
  dt: d
  data: [ 0 ,-0.3,-0.8 ]


#595 6mm
