%YAML:1.0
---
#装甲板实际参数
big_w: 0.230            #大装甲板实际宽度
big_h: 0.057            #大装甲板实际高度
small_w: 0.135          #小装甲板实际宽度
small_h: 0.057          #小装甲板实际高度
#符叶实际参数
buff_w: 0.50
buff_h: 0.50

##相机内参矩阵
F_MAT: !!opencv-matrix
  rows: 3
  cols: 3
  dt: d
  data: [ 1313.081401514924    , 0.000000000000, 634.70189227901185     ,
          0.000000000000, 1312.96230831583    , 505.3395706823172    ,
          0.000000000000, 0.000000000000, 1.000000000000 ]

#相机畸变矩阵
C_MAT: !!opencv-matrix
  rows: 1
  cols: 5
  dt: d
  data: [ -0.08228539805450732 , 0.106753252100443 , -0.0002207465183912911, -0.0004898416628442466 , 0.04876308502 ]

#世界坐标系和相机坐标系的原点偏移
center_offset_position: !!opencv-matrix
  rows: 3
  cols: 1
  dt: d
  data: [ 0 , 0 , 0 ]

#抬升枪管的角度补偿
Barrel_offset_angle: !!opencv-matrix
  rows: 3
  cols: 1
  dt: d
  data: [ 0 , 0 , 0 ]


#595 6mm
